10 37
18 28
3 16
13 35
8 31
7 47
6 45
3 23
14 9
19 48
11 27
16 44
9 9
8 15
4 28
4 20
15 14
14 4
12 19
14 24
11 20
12 31
14 17
15 39
12 40
8 22
2 16
16 29
11 36
9 10
2 6
17 29
5 37
15 24
5 35
17 49
4 20
4 45
14 24
9 3
4 47
10 20
17 43
16 45
5 39
12 14
15 6
11 19
2 25
19 19
9 17
15 16
9 23
12 21
6 48
15 44
8 41
19 15
3 14
10 38
15 1
17 19
12 4
16 21
14 19
10 40
10 29
8 44
9 45
6 2
2 13
17 19
1 27
7 13
17 20
9 26
10 12
6 24
8 33
19 25
19 30
14 42
1 2
8 20
11 26
2 5
19 3
2 32
11 28
4 39
1 6
16 2
19 14
3 43
19 26
2 21
19 47
19 35
15 22
7 29
7 20
19 17
6 45
18 38
5 21
16 11
7 10
3 27
18 32
10 7
17 37
1 10
4 32
12 12
13 6
9 44
9 38
9 47
6 30
16 3
16 25
9 16
14 5
9 34
9 20
9 29
9 42
11 18
16 3
14 39
10 40
18 49
10 6
11 22
16 47
1 26
19 24
13 27
18 43
11 48
11 17
1 31
2 4
16 8
19 19
3 6
8 13
16 20
19 39
3 34
5 33
10 20
12 13
11 15
2 27
12 26
2 12
19 21
9 40
17 47
14 21
13 16
11 9
3 30
11 8
14 34
13 29
12 2
10 45
9 16
8 5
1 19
6 39
7 4
17 29
8 14
10 2
9 37
17 32
5 22
11 1
4 38
17 3
6 6
10 16
7 29
6 30
17 21
16 36
5 12
17 22
14 33
16 1
3 36
19 48
8 25
16 4
5 5
4 10
9 31
1000 -1
