10 7
13 10
1 37
10 43
5 3
7 33
13 23
4 42
2 5
1 17
5 35
16 2
6 26
16 37
17 46
13 37
6 16
7 18
15 19
14 24
1 43
14 21
17 3
4 34
5 12
2 43
11 46
19 29
6 44
5 2
19 1
13 20
9 39
18 37
2 40
8 12
4 5
12 8
1 9
16 33
13 27
17 6
5 20
19 13
9 34
7 5
3 26
17 18
13 48
15 49
14 12
16 3
19 42
8 24
12 26
5 24
7 9
15 33
9 14
19 25
12 10
13 24
16 29
3 32
1 42
19 19
5 12
7 32
5 6
11 48
2 27
2 26
3 6
9 7
10 7
2 39
12 24
2 45
15 29
7 8
15 27
2 33
19 17
9 2
2 13
4 44
2 31
19 48
6 48
15 22
5 36
19 10
6 33
7 10
8 29
8 11
13 16
13 38
16 31
3 17
16 49
10 3
15 47
18 38
16 29
2 27
9 8
4 34
17 46
8 5
11 25
18 46
9 40
9 45
2 16
1 32
5 6
14 22
19 33
7 29
10 20
3 1
2 26
10 36
17 18
15 6
4 32
4 30
3 39
16 18
15 32
19 8
17 7
14 48
13 28
10 40
19 10
4 28
7 38
8 2
19 38
18 32
5 47
4 4
18 46
16 29
13 38
8 41
11 49
7 17
13 24
1 24
14 10
4 18
19 25
1 12
13 9
18 13
4 7
3 34
4 42
12 45
2 2
3 47
3 19
8 34
11 39
1 5
3 13
6 39
1 5
2 6
8 10
1 36
4 42
1 16
14 23
2 41
19 48
6 32
6 49
1 43
16 5
18 30
7 10
9 32
16 15
2 18
17 24
3 15
14 15
9 39
4 7
5 25
18 21
9 49
8 35
14 4
5 11
11 43
4 1
19 5
2 42
8 26
19 38
2 8
7 39
8 15
13 49
19 41
3 23
15 14
12 17
4 47
6 11
16 36
12 18
15 18
8 17
14 17
12 5
16 21
4 41
11 42
16 25
5 30
15 39
2 16
13 24
1 7
15 45
17 9
7 9
2 31
16 32
12 38
15 31
15 33
15 7
10 1
2 29
9 7
5 40
11 49
3 1
19 22
14 18
5 10
13 4
18 41
12 34
4 28
6 10
9 6
19 10
13 25
14 28
2 12
13 7
6 32
15 11
11 4
15 26
4 17
14 18
16 37
16 35
7 35
1 38
8 18
4 7
15 16
7 41
3 36
3 34
12 45
15 42
1 40
2 35
13 33
6 47
9 40
13 9
12 45
15 36
5 39
8 35
8 6
17 2
16 45
17 44
12 47
2 15
2 3
17 17
18 42
10 1
7 20
15 46
12 4
7 29
1 18
2 10
8 49
6 24
8 7
4 10
11 15
10 18
10 6
4 41
2 40
2 47
8 9
8 38
3 37
12 19
19 26
17 37
9 29
5 28
9 33
14 22
6 1
5 48
16 16
6 21
5 12
10 27
3 35
3 19
1 26
16 27
2 29
13 21
4 15
8 41
5 42
2 22
2 33
11 16
17 11
2 21
6 41
10 8
15 46
1 26
18 2
16 29
16 21
7 4
9 28
15 10
8 4
14 11
2 48
2 23
9 30
2 48
11 24
15 46
9 41
15 26
17 34
1 49
3 24
16 27
17 10
7 21
5 35
11 43
8 7
17 49
10 40
1 40
12 49
6 21
16 33
18 34
13 29
2 10
5 27
1 36
18 2
16 24
5 8
15 22
8 12
13 9
15 4
7 2
14 26
14 34
13 2
16 3
9 12
6 23
4 34
4 16
19 6
13 22
2 24
12 47
18 48
15 37
7 48
7 6
2 24
11 28
4 7
1 26
5 33
4 4
19 47
9 5
5 3
17 33
16 42
2 37
17 32
2 34
14 47
4 34
13 49
13 24
8 37
10 13
7 15
3 24
6 7
7 9
19 45
2 33
11 35
7 48
13 47
18 25
17 7
8 3
2 25
2 43
8 12
1 10
3 37
13 25
8 12
17 48
18 26
11 24
3 45
13 8
11 39
12 35
11 48
8 8
9 17
14 39
11 36
6 27
11 16
6 48
2 47
18 49
6 27
4 33
10 32
4 33
3 45
5 28
12 12
7 39
6 18
5 28
14 28
1 42
13 8
14 33
4 49
14 49
11 18
4 21
6 9
10 48
14 8
16 1
6 25
16 31
11 8
14 10
14 45
18 13
16 44
14 33
17 36
13 10
12 45
6 14
16 43
2 47
10 26
12 24
9 36
9 20
5 20
7 27
3 24
15 3
5 20
6 15
7 35
12 42
14 2
9 47
19 44
16 47
16 47
7 12
7 31
19 22
9 6
1 26
10 29
4 19
12 34
10 4
12 49
14 32
19 19
2 13
14 47
19 26
11 43
9 41
7 14
3 22
19 42
8 42
9 7
2 28
1 36
6 24
9 31
12 26
12 27
16 2
7 49
7 15
6 7
17 1
4 3
11 15
13 20
18 4
19 33
16 7
17 41
1 33
9 6
14 29
13 39
15 20
7 3
16 12
9 9
9 25
6 12
4 48
14 34
10 37
15 33
2 16
19 5
5 14
15 9
4 27
11 31
3 22
4 26
8 49
7 29
7 8
11 49
4 31
19 5
10 18
7 44
2 8
16 3
4 29
18 49
5 2
11 10
9 11
6 37
3 25
6 12
6 18
19 30
18 28
19 2
7 7
8 48
6 15
7 39
19 17
1 22
6 12
19 34
3 47
17 4
18 40
8 19
7 25
6 21
13 15
2 37
12 45
5 48
10 19
5 3
15 9
12 14
18 36
11 34
19 12
18 34
3 14
6 38
10 46
17 34
11 26
6 48
9 49
16 22
16 19
2 42
15 28
6 35
12 47
17 6
1 20
5 20
14 46
9 23
8 4
12 48
19 30
19 23
4 49
12 42
4 35
14 20
15 49
10 8
16 49
6 28
11 25
8 7
7 26
14 1
18 4
6 19
8 41
5 34
18 28
16 49
19 49
8 31
6 22
6 32
3 11
12 30
12 10
13 18
6 17
2 3
3 42
16 30
8 36
15 34
14 42
19 33
13 31
7 19
15 15
6 38
18 18
19 43
5 11
9 7
5 32
9 40
13 10
6 40
1 46
16 19
18 18
15 40
2 17
4 15
17 25
8 39
3 49
1 40
6 44
9 26
17 7
8 25
9 2
14 37
14 40
10 12
2 2
7 11
5 14
9 43
16 48
14 34
19 20
5 35
18 22
6 10
3 31
1 18
16 25
4 8
2 10
13 47
6 6
16 33
8 30
4 41
4 40
10 47
12 40
16 37
10 15
17 11
2 15
6 48
17 3
8 18
14 48
5 47
12 20
17 38
19 16
10 20
14 20
13 44
17 6
14 39
12 19
1 25
16 6
2 46
14 41
17 41
10 48
5 13
1 16
14 34
11 16
3 9
17 19
13 46
14 29
3 26
6 35
12 29
5 19
17 49
1 19
14 12
12 27
16 49
11 45
13 27
10 7
4 17
12 34
5 25
12 45
3 34
15 23
14 2
18 9
17 28
6 6
15 47
4 27
14 15
6 23
17 27
3 43
19 33
18 41
15 46
6 4
4 48
18 38
9 25
3 26
4 30
14 48
9 14
3 34
11 4
19 46
10 27
5 9
13 10
5 32
8 17
13 33
13 21
1 9
16 31
19 4
18 17
5 44
6 26
19 35
6 46
5 25
9 47
16 14
12 12
17 7
6 31
12 14
1 37
16 45
15 48
10 45
1 4
18 44
5 16
6 12
13 48
2 36
12 9
13 21
7 32
1 16
18 11
11 30
8 24
5 12
8 8
16 24
12 23
11 46
2 27
5 24
11 9
16 48
17 23
14 10
3 28
3 9
11 11
16 28
3 2
14 19
18 31
19 48
10 8
17 38
18 30
1 41
12 5
19 32
2 6
8 2
8 38
8 8
6 5
13 26
12 20
16 10
8 39
15 34
7 2
10 7
13 10
8 23
8 40
16 32
16 41
7 30
7 40
10 6
14 33
8 43
14 4
8 47
5 12
4 17
15 5
4 32
11 48
17 15
13 38
1 48
6 19
8 42
12 31
18 6
12 39
8 18
17 1
18 25
3 31
11 18
9 44
6 4
19 47
12 19
9 7
11 4
14 15
14 26
7 16
4 5
7 17
8 24
14 9
14 17
13 41
12 30
6 5
2 6
14 10
18 49
7 38
2 44
16 39
3 15
11 22
6 26
4 21
16 4
14 24
4 14
8 16
6 38
6 11
13 42
4 25
5 35
16 23
11 31
19 34
16 30
1 9
6 46
13 21
18 27
9 6
10 45
13 38
14 22
13 39
7 47
19 15
9 49
4 11
15 32
4 11
14 18
16 22
16 10
17 36
5 4
12 46
2 27
1 47
18 19
19 15
1 19
7 8
10 43
3 15
1 47
12 14
4 39
10 32
6 39
6 6
14 8
10 49
4 41
9 31
9 14
13 35
15 41
10 7
10 29
17 33
5000 -1
