9 29
9 15
2 32
18 15
18 14
17 29
9 31
2 4
10 6
14 23
3 11
4 5
18 32
4 40
14 49
5 46
9 24
8 19
19 42
11 45
15 36
8 5
16 48
12 37
12 15
9 23
5 3
3 37
17 41
10 2
15 35
8 24
3 39
15 33
13 1
10 2
6 37
4 49
1 21
2 27
15 25
14 46
6 25
19 21
19 35
10 38
10 18
11 6
19 28
7 17
16 9
1 15
10 45
9 22
4 28
14 2
15 21
4 5
4 9
7 28
4 44
14 14
5 39
11 47
19 49
13 38
5 21
2 12
3 45
12 1
16 1
2 9
10 11
1 46
19 20
15 10
13 17
9 9
5 14
13 42
7 24
7 7
5 38
8 2
2 4
3 36
2 3
8 26
10 40
9 9
9 25
16 34
14 34
17 44
7 46
19 43
12 39
7 8
6 11
17 18
3 16
11 48
15 14
2 1
10 28
17 3
17 1
11 8
2 30
8 1
14 2
3 48
10 42
7 9
19 39
15 15
13 44
4 1
9 35
16 3
13 10
19 38
6 42
13 39
10 16
4 33
18 1
14 49
9 8
10 23
2 7
16 9
14 30
1 24
3 2
10 9
15 32
4 20
9 45
19 18
7 12
12 31
3 49
4 46
1 32
17 19
9 2
11 34
7 37
15 4
6 21
5 10
5 2
2 39
3 41
16 47
4 24
9 3
5 36
10 12
1 4
7 36
18 28
13 8
14 38
10 12
10 36
17 33
1 23
18 23
5 24
7 6
1 29
4 5
1 7
12 41
1 16
9 6
7 28
17 46
8 20
19 16
9 38
10 42
7 45
10 9
3 6
3 8
11 49
18 28
9 34
5 43
14 11
1 11
4 14
8 27
14 22
8 13
14 4
19 30
2 27
9 49
14 23
13 27
7 28
3 24
14 48
2 25
5 31
14 28
9 27
17 2
14 1
9 34
1 30
3 26
9 30
6 15
3 11
2 28
8 20
8 49
1 46
5 20
15 47
16 7
13 1
3 38
12 11
12 6
14 38
12 12
5 15
19 1
10 11
13 6
8 18
1 24
11 17
1 37
10 26
3 31
11 9
10 13
17 2
2 12
3 46
16 5
11 3
5 12
2 23
16 49
5 49
8 49
7 20
9 28
16 16
5 4
5 39
9 10
4 9
3 2
10 47
19 14
16 11
16 34
9 6
4 24
11 37
12 18
4 47
19 10
12 11
5 5
16 26
5 30
7 19
14 29
15 6
14 31
16 36
3 8
4 40
2 25
15 7
7 9
18 47
1 15
16 13
1 32
13 39
5 1
8 3
1 23
14 42
19 33
16 37
16 20
10 5
18 49
2 44
15 35
3 18
10 8
12 41
4 49
11 40
8 33
5 3
12 48
11 36
13 29
18 10
3 49
8 37
18 37
17 34
1 19
5 25
14 3
14 15
15 35
2 13
3 43
4 40
14 17
5 26
19 34
14 45
1 31
16 41
6 34
13 8
19 15
18 10
13 44
5 30
13 46
4 11
18 33
13 17
11 1
8 20
19 12
15 17
13 9
1 10
18 45
5 2
8 8
13 1
10 22
14 14
19 3
3 37
7 44
13 25
9 6
15 39
13 14
3 3
17 5
7 44
2 37
18 37
9 34
13 16
9 8
14 38
15 18
19 23
15 39
5 29
12 31
9 22
3 43
13 22
7 31
14 1
2 48
13 3
5 20
19 9
13 47
1 17
4 25
7 14
10 1
9 46
17 47
19 31
12 39
6 46
4 46
12 8
1 8
17 47
15 8
12 33
19 19
6 19
2 25
12 16
12 7
13 29
7 9
14 40
8 48
5 6
9 22
5 29
6 11
19 1
1 2
11 41
12 36
10 35
16 18
19 26
3 40
7 13
7 3
8 18
14 24
3 31
3 2
19 31
17 36
3 14
4 45
6 40
5 9
11 23
4 39
1 47
3 12
15 19
10 5
11 36
4 38
11 7
18 32
6 39
18 15
18 32
16 29
15 9
8 47
16 5
18 9
8 48
17 25
13 22
6 47
1 7
2 39
9 32
19 15
13 31
14 29
15 26
12 2
17 20
7 3
17 4
12 32
17 11
13 22
18 13
11 36
10 5
2 11
8 45
7 31
3 3
11 10
1 11
7 2
10 44
13 40
7 8
18 47
5 17
9 38
10 28
4 22
11 34
7 2
17 12
18 34
14 18
10 43
9 31
3 9
8 44
1 28
5 30
15 20
14 2
19 18
2500 -1
